0.00000000e+00
0.00000000e+00
4.31372549e-02
8.62745098e-02
1.17647059e-01
1.41176471e-01
1.60784314e-01
1.80392157e-01
1.96078431e-01
2.11764706e-01
2.23529412e-01
2.35294118e-01
2.47058824e-01
2.54901961e-01
2.66666667e-01
2.74509804e-01
2.82352941e-01
2.94117647e-01
3.01960784e-01
3.05882353e-01
3.13725490e-01
3.21568627e-01
3.29411765e-01
3.33333333e-01
3.41176471e-01
3.45098039e-01
3.52941176e-01
3.56862745e-01
3.64705882e-01
3.68627451e-01
3.72549020e-01
3.80392157e-01
3.84313725e-01
3.88235294e-01
3.92156863e-01
3.96078431e-01
4.03921569e-01
4.07843137e-01
4.11764706e-01
4.15686275e-01
4.19607843e-01
4.23529412e-01
4.27450980e-01
4.31372549e-01
4.35294118e-01
4.39215686e-01
4.43137255e-01
4.47058824e-01
4.50980392e-01
4.54901961e-01
4.58823529e-01
4.58823529e-01
4.62745098e-01
4.66666667e-01
4.70588235e-01
4.74509804e-01
4.78431373e-01
4.82352941e-01
4.82352941e-01
4.86274510e-01
4.90196078e-01
4.94117647e-01
4.98039216e-01
4.98039216e-01
5.01960784e-01
5.05882353e-01
5.09803922e-01
5.09803922e-01
5.13725490e-01
5.17647059e-01
5.21568627e-01
5.21568627e-01
5.25490196e-01
5.29411765e-01
5.29411765e-01
5.33333333e-01
5.37254902e-01
5.37254902e-01
5.41176471e-01
5.45098039e-01
5.45098039e-01
5.49019608e-01
5.52941176e-01
5.52941176e-01
5.56862745e-01
5.60784314e-01
5.60784314e-01
5.64705882e-01
5.68627451e-01
5.68627451e-01
5.72549020e-01
5.72549020e-01
5.76470588e-01
5.80392157e-01
5.80392157e-01
5.84313725e-01
5.88235294e-01
5.88235294e-01
5.92156863e-01
5.92156863e-01
5.96078431e-01
6.00000000e-01
6.00000000e-01
6.03921569e-01
6.03921569e-01
6.07843137e-01
6.07843137e-01
6.11764706e-01
6.15686275e-01
6.15686275e-01
6.19607843e-01
6.19607843e-01
6.23529412e-01
6.23529412e-01
6.27450980e-01
6.31372549e-01
6.31372549e-01
6.35294118e-01
6.35294118e-01
6.39215686e-01
6.39215686e-01
6.43137255e-01
6.43137255e-01
6.47058824e-01
6.50980392e-01
6.50980392e-01
6.54901961e-01
6.54901961e-01
6.58823529e-01
6.58823529e-01
6.62745098e-01
6.62745098e-01
6.66666667e-01
6.66666667e-01
6.70588235e-01
6.70588235e-01
6.74509804e-01
6.78431373e-01
6.78431373e-01
6.82352941e-01
6.82352941e-01
6.86274510e-01
6.86274510e-01
6.90196078e-01
6.90196078e-01
6.94117647e-01
6.94117647e-01
6.98039216e-01
6.98039216e-01
7.01960784e-01
7.01960784e-01
7.05882353e-01
7.09803922e-01
7.09803922e-01
7.13725490e-01
7.13725490e-01
7.17647059e-01
7.17647059e-01
7.21568627e-01
7.21568627e-01
7.25490196e-01
7.25490196e-01
7.29411765e-01
7.29411765e-01
7.33333333e-01
7.33333333e-01
7.37254902e-01
7.41176471e-01
7.41176471e-01
7.45098039e-01
7.45098039e-01
7.49019608e-01
7.49019608e-01
7.52941176e-01
7.52941176e-01
7.56862745e-01
7.56862745e-01
7.60784314e-01
7.60784314e-01
7.64705882e-01
7.68627451e-01
7.68627451e-01
7.72549020e-01
7.72549020e-01
7.76470588e-01
7.76470588e-01
7.80392157e-01
7.84313725e-01
7.84313725e-01
7.88235294e-01
7.88235294e-01
7.92156863e-01
7.92156863e-01
7.96078431e-01
8.00000000e-01
8.00000000e-01
8.03921569e-01
8.03921569e-01
8.07843137e-01
8.07843137e-01
8.11764706e-01
8.15686275e-01
8.15686275e-01
8.19607843e-01
8.23529412e-01
8.23529412e-01
8.27450980e-01
8.27450980e-01
8.31372549e-01
8.35294118e-01
8.35294118e-01
8.39215686e-01
8.43137255e-01
8.43137255e-01
8.47058824e-01
8.50980392e-01
8.50980392e-01
8.54901961e-01
8.58823529e-01
8.62745098e-01
8.62745098e-01
8.66666667e-01
8.70588235e-01
8.70588235e-01
8.74509804e-01
8.78431373e-01
8.82352941e-01
8.82352941e-01
8.86274510e-01
8.90196078e-01
8.94117647e-01
8.98039216e-01
8.98039216e-01
9.01960784e-01
9.05882353e-01
9.09803922e-01
9.13725490e-01
9.17647059e-01
9.17647059e-01
9.21568627e-01
9.25490196e-01
9.29411765e-01
9.33333333e-01
9.33333333e-01
9.37254902e-01
9.41176471e-01
9.45098039e-01
9.49019608e-01
9.52941176e-01
9.56862745e-01
9.60784314e-01
9.64705882e-01
9.68627451e-01
9.72549020e-01
9.80392157e-01
9.96078431e-01
