2.140821e-04
1.907639e-04
1.659944e-04
1.227925e-04
1.373377e-04
1.433140e-04
2.496895e-04
2.725168e-04
3.987975e-04
5.236716e-04
7.629291e-04
1.135032e-03
1.698210e-03
2.474218e-03
3.438457e-03
4.770022e-03
6.795417e-03
9.213462e-03
1.204861e-02
1.565776e-02
2.054055e-02
2.558314e-02
3.203280e-02
3.995130e-02
4.890853e-02
5.646010e-02
6.409558e-02
7.055413e-02
7.461511e-02
7.424113e-02
7.022500e-02
6.205336e-02
5.279830e-02
4.364855e-02
3.573475e-02
2.856687e-02
2.241861e-02
1.832265e-02
1.515133e-02
1.261239e-02
1.034480e-02
8.654101e-03
7.107040e-03
5.728976e-03
4.516233e-03
3.589326e-03
2.892953e-03
2.399103e-03
2.012764e-03
1.689788e-03
1.482460e-03
1.355306e-03
1.223288e-03
1.074009e-03
9.432812e-04
8.337411e-04
7.221513e-04
6.170464e-04
5.122783e-04
4.362644e-04
3.602530e-04
2.981863e-04
2.537848e-04
2.170345e-04
1.859006e-04
1.937642e-04
1.949542e-04
1.791008e-04
1.837572e-04
1.744761e-04
1.650271e-04
1.686065e-04
1.486305e-04
1.551121e-04
1.567489e-04
1.401755e-04
1.243509e-04
1.186933e-04
1.088335e-04
9.497257e-05
8.177367e-05
7.554548e-05
6.962475e-05
6.408521e-05
6.968854e-05
6.184039e-05
5.958499e-05
5.269322e-05
4.914012e-05
4.657904e-05
4.149426e-05
3.276920e-05
3.446117e-05
3.258395e-05
3.722957e-05
3.190591e-05
3.725101e-05
3.697420e-05
3.638445e-05
3.761358e-05
2.204951e-05
3.389756e-05
3.019100e-05
2.240656e-05
2.578180e-05
2.258307e-05
2.651646e-05
2.414844e-05
1.800685e-05
1.884447e-05
1.828024e-05
2.011990e-05
2.302703e-05
3.559368e-05
3.552158e-05
2.699665e-05
2.546062e-05
3.868795e-05
3.138992e-05
3.813036e-05
3.636227e-05
3.560306e-05
3.243460e-05
3.175408e-05
3.531366e-05
2.718657e-05
3.749287e-05
3.528882e-05
4.201050e-05
4.009002e-05
4.128563e-05
4.338084e-05
3.862784e-05
4.196805e-05
4.291781e-05
5.040266e-05
3.786612e-05
5.319270e-05
5.581025e-05
4.884816e-05
5.087857e-05
5.223707e-05
5.461578e-05
4.861175e-05
5.792662e-05
5.670621e-05
5.046451e-05
5.449713e-05
5.693223e-05
6.527830e-05
5.695358e-05
6.259830e-05
5.827484e-05
5.872974e-05
5.933301e-05
5.428752e-05
5.713513e-05
6.460725e-05
5.687415e-05
5.470257e-05
5.755275e-05
5.831843e-05
5.782401e-05
5.668205e-05
5.763324e-05
5.075477e-05
4.974155e-05
5.404611e-05
4.908835e-05
4.640681e-05
5.239207e-05
4.886785e-05
4.791901e-05
5.457143e-05
4.542921e-05
5.219825e-05
4.819668e-05
4.283221e-05
4.529470e-05
3.974493e-05
4.431168e-05
3.829454e-05
4.046480e-05
4.053699e-05
3.519145e-05
3.736129e-05
4.044313e-05
3.615043e-05
3.640496e-05
3.761826e-05
3.787392e-05
2.970016e-05
2.903284e-05
3.788032e-05
3.214390e-05
4.050680e-05
3.788695e-05
2.950741e-05
3.164038e-05
3.021572e-05
3.022597e-05
2.975637e-05
2.732750e-05
2.853256e-05
3.141338e-05
3.026078e-05
2.734626e-05
3.190765e-05
2.951542e-05
3.624282e-05
3.793185e-05
3.481908e-05
3.770959e-05
3.051121e-05
3.892914e-05
3.096514e-05
3.241312e-05
2.689734e-05
3.146788e-05
3.646308e-05
2.835200e-05
3.503212e-05
3.575196e-05
3.599191e-05
3.652122e-05
3.027049e-05
3.723299e-05
3.602323e-05
4.441798e-05
4.200698e-05
4.870503e-05
5.043360e-05
5.848751e-05
5.277957e-05
5.401828e-05
5.230764e-05
4.220133e-05
3.767238e-05
4.346176e-05
4.655211e-05
3.477115e-05
3.748933e-05
2.983264e-05
3.584729e-05
3.783148e-05
3.760790e-05
3.859022e-05
3.807361e-05
6.532643e-05
7.993953e-05
9.935066e-05
1.083771e-04
1.020153e-04
9.093230e-05
8.347506e-05
8.302251e-05
6.480265e-05
5.460392e-05
3.578510e-05
3.140771e-05
2.098127e-05
2.487066e-05
2.200280e-05
2.071944e-05
2.484093e-05
2.434653e-05
2.818276e-05
3.416793e-05
3.350016e-05
2.873218e-05
2.586111e-05
2.590638e-05
1.722951e-05
1.853318e-05
1.100150e-05
1.756196e-05
2.411146e-05
1.265972e-05
1.627962e-05
9.211088e-06
1.677027e-05
1.813378e-05
1.271426e-05
1.520569e-05
1.849055e-05
4.991242e-06
1.089833e-05
1.002882e-05
1.684822e-05
1.711531e-05
1.414486e-05
1.532849e-05
1.306831e-05
1.344287e-05
1.162986e-05
7.487441e-06
6.955690e-06
6.956006e-06
6.118430e-06
3.305544e-07
7.716540e-06
2.913385e-06
8.353188e-06
1.051067e-05
3.195301e-06
9.626490e-06
8.920860e-06
2.424821e-06
8.094616e-06
9.355936e-06
7.661254e-06
1.893579e-06
0.000000e+00
0.000000e+00
6.183090e-06
8.292714e-06
1.448184e-05
6.019476e-06
8.624372e-06
4.898539e-06
7.462331e-06
7.888426e-06
7.423083e-06
3.755058e-06
1.093157e-06
9.635297e-06
8.665716e-06
0.000000e+00
1.969235e-06
1.320136e-05
1.542885e-05
1.506164e-05
4.601159e-06
2.185034e-06
5.562430e-06
2.044815e-06
4.035152e-06
2.655310e-06
7.097377e-06
4.101444e-06
0.000000e+00
0.000000e+00
8.267291e-06
1.269201e-05
1.356013e-05
0.000000e+00
6.179059e-06
1.091354e-05
4.939682e-06
0.000000e+00
2.048260e-06
0.000000e+00
0.000000e+00
4.176658e-06
5.432454e-06
0.000000e+00
0.000000e+00
6.034823e-07
1.794508e-05
0.000000e+00
0.000000e+00
0.000000e+00
1.186099e-05
1.684826e-05
0.000000e+00
4.011484e-06
0.000000e+00
0.000000e+00
0.000000e+00
1.419658e-05
3.943395e-06
0.000000e+00
5.643979e-06
0.000000e+00
0.000000e+00
0.000000e+00
5.143559e-05
1.625810e-05
1.129923e-05
0.000000e+00
0.000000e+00
1.949872e-05
2.638148e-05
0.000000e+00
3.329838e-05
4.841889e-05
3.029812e-05
2.696922e-05
0.000000e+00
0.000000e+00
0.000000e+00
1.000653e-05
2.344855e-05
1.847681e-05
0.000000e+00
2.468562e-06
0.000000e+00
9.374283e-06
0.000000e+00
0.000000e+00
3.123851e-05
