3.075515e-05
3.518275e-05
0.000000e+00
0.000000e+00
0.000000e+00
0.000000e+00
0.000000e+00
0.000000e+00
0.000000e+00
5.766482e-06
2.280061e-05
0.000000e+00
4.671830e-06
1.275528e-06
1.105714e-05
0.000000e+00
0.000000e+00
0.000000e+00
0.000000e+00
0.000000e+00
1.605217e-05
0.000000e+00
0.000000e+00
0.000000e+00
1.146641e-05
1.436107e-05
0.000000e+00
1.645693e-05
1.103696e-05
1.074478e-05
0.000000e+00
0.000000e+00
0.000000e+00
0.000000e+00
0.000000e+00
0.000000e+00
0.000000e+00
0.000000e+00
0.000000e+00
1.756519e-06
4.090710e-06
0.000000e+00
1.208155e-05
8.688740e-06
5.191109e-06
4.638788e-06
6.661967e-06
1.206521e-05
7.811468e-06
5.015753e-06
1.236534e-05
8.442970e-06
1.267018e-05
1.120003e-05
1.504507e-05
1.430334e-05
2.045582e-05
9.457560e-06
1.953961e-05
2.725168e-05
2.061747e-05
1.975929e-05
2.734637e-05
2.925045e-05
4.067808e-05
3.647998e-05
3.636928e-05
3.933931e-05
4.778405e-05
4.969986e-05
3.195336e-05
4.326976e-05
3.821505e-05
4.867904e-05
4.561965e-05
3.194754e-05
3.779126e-05
4.209929e-05
3.024281e-05
3.966764e-05
2.660048e-05
3.361749e-05
2.379015e-05
2.653388e-05
2.303344e-05
2.114565e-05
3.230013e-05
2.688618e-05
1.880586e-05
1.644938e-05
1.542609e-05
2.391429e-05
2.027787e-05
2.124148e-05
8.992473e-06
1.837002e-05
2.058084e-05
1.519261e-05
1.842521e-05
8.658948e-06
5.848542e-06
1.003370e-05
9.091756e-06
1.710824e-05
1.303547e-05
7.638489e-06
5.030378e-06
3.345746e-06
8.426247e-06
8.768053e-06
1.421058e-05
1.829534e-05
8.371198e-06
2.707802e-06
1.303943e-05
1.129003e-05
1.135842e-05
1.602031e-05
1.660925e-05
1.273032e-05
9.704942e-06
6.162115e-06
1.733750e-05
6.456516e-06
1.672726e-05
1.604163e-05
1.521356e-05
1.529721e-05
1.762725e-05
1.975467e-05
1.782784e-05
1.375542e-05
1.822479e-05
2.266962e-05
2.205751e-05
1.873792e-05
2.164328e-05
2.305417e-05
2.658455e-05
2.829382e-05
2.734502e-05
3.377414e-05
3.558290e-05
3.395471e-05
3.192019e-05
5.412060e-05
5.238252e-05
6.596780e-05
8.176768e-05
1.120069e-04
1.484489e-04
1.895547e-04
2.509609e-04
3.294475e-04
4.270714e-04
5.470020e-04
6.920618e-04
8.785211e-04
1.089124e-03
1.350805e-03
1.652754e-03
1.997085e-03
2.399856e-03
2.836083e-03
3.340408e-03
3.899813e-03
4.500972e-03
5.156943e-03
5.881161e-03
6.662533e-03
7.480922e-03
8.370258e-03
9.302102e-03
1.030258e-02
1.130095e-02
1.242854e-02
1.345824e-02
1.444006e-02
1.537251e-02
1.626728e-02
1.708239e-02
1.797845e-02
1.869295e-02
1.953608e-02
2.010427e-02
2.061783e-02
2.120766e-02
2.172153e-02
2.223592e-02
2.264971e-02
2.306394e-02
2.344988e-02
2.379510e-02
2.387723e-02
2.389028e-02
2.387090e-02
2.367903e-02
2.348710e-02
2.316427e-02
2.276986e-02
2.237265e-02
2.197523e-02
2.144600e-02
2.094497e-02
2.044138e-02
1.986466e-02
1.923367e-02
1.862844e-02
1.792390e-02
1.711777e-02
1.631129e-02
1.550444e-02
1.469723e-02
1.388966e-02
1.308172e-02
1.235830e-02
1.155068e-02
1.074268e-02
9.924174e-03
9.100911e-03
8.304262e-03
7.533590e-03
6.784281e-03
6.075476e-03
5.373942e-03
4.714301e-03
4.095369e-03
3.547112e-03
2.999123e-03
2.491919e-03
2.045242e-03
1.631706e-03
1.304904e-03
1.042788e-03
8.236908e-04
6.693073e-04
5.615934e-04
4.759230e-04
4.397784e-04
4.080921e-04
3.764519e-04
3.519071e-04
3.299657e-04
2.974768e-04
2.755742e-04
2.553546e-04
2.473313e-04
2.481260e-04
2.522823e-04
2.692680e-04
2.859534e-04
2.957558e-04
2.971826e-04
2.992538e-04
2.850717e-04
2.729529e-04
2.561222e-04
2.396066e-04
2.183583e-04
1.926949e-04
1.795313e-04
1.630367e-04
1.488086e-04
1.425044e-04
1.373978e-04
1.322436e-04
1.412954e-04
1.309892e-04
1.393375e-04
1.283830e-04
1.213740e-04
1.154561e-04
1.073762e-04
9.456833e-05
8.234354e-05
7.839355e-05
6.423163e-05
5.342440e-05
5.871137e-05
4.458439e-05
4.602664e-05
4.228750e-05
3.543034e-05
3.177866e-05
2.105912e-05
2.024915e-05
1.963786e-05
1.322560e-05
1.252908e-05
1.393678e-05
8.210159e-06
7.375298e-06
1.577129e-05
1.395317e-06
3.360137e-06
1.263889e-05
3.485694e-06
0.000000e+00
1.000140e-05
4.327397e-06
1.795586e-06
6.198088e-06
2.934162e-07
4.822116e-06
4.623176e-06
0.000000e+00
8.099040e-06
4.741541e-06
1.064317e-05
6.668352e-06
8.665860e-06
6.107740e-06
7.781613e-06
0.000000e+00
4.910381e-06
5.131304e-08
7.261757e-06
8.440140e-06
4.951784e-06
1.616917e-06
4.447628e-06
2.847523e-06
0.000000e+00
0.000000e+00
3.177950e-06
5.182515e-06
0.000000e+00
1.977023e-06
0.000000e+00
0.000000e+00
8.952652e-06
1.111552e-05
0.000000e+00
1.609838e-06
3.551660e-06
0.000000e+00
5.118796e-06
1.274752e-05
5.824980e-06
0.000000e+00
0.000000e+00
6.329698e-06
1.101191e-05
7.776598e-06
1.018569e-05
8.745213e-06
6.539324e-06
5.950526e-06
7.755790e-07
1.280704e-05
4.179491e-06
3.494478e-06
1.663982e-05
0.000000e+00
0.000000e+00
2.171445e-05
2.477941e-06
0.000000e+00
1.411543e-05
8.446325e-06
1.689493e-05
9.759379e-06
7.502901e-06
1.988744e-05
1.888565e-05
0.000000e+00
1.357342e-05
8.093913e-06
1.043095e-05
1.183789e-05
5.540190e-06
2.565467e-05
2.433329e-05
2.163823e-05
1.321934e-05
1.133193e-05
1.006743e-05
3.646820e-06
1.397608e-05
2.144492e-05
2.618847e-05
1.635607e-05
2.057628e-05
1.602180e-05
3.892105e-05
2.734867e-05
0.000000e+00
3.754696e-05
9.150316e-06
1.492729e-05
1.168005e-05
8.938054e-06
7.188037e-06
4.802359e-05
0.000000e+00
0.000000e+00
0.000000e+00
1.759368e-05
7.002942e-05
0.000000e+00
0.000000e+00
