3.702613e-05
2.452260e-06
2.161247e-05
0.000000e+00
0.000000e+00
3.224874e-05
6.787029e-06
6.597555e-06
0.000000e+00
1.050098e-05
6.136714e-06
7.731368e-07
0.000000e+00
4.001504e-06
3.497362e-06
3.654739e-08
1.428263e-05
0.000000e+00
1.143862e-05
1.343602e-05
2.512444e-06
2.812349e-06
0.000000e+00
8.248868e-06
3.469740e-06
0.000000e+00
5.127883e-06
1.656135e-05
0.000000e+00
1.348766e-05
1.638626e-05
2.513629e-05
4.672572e-07
0.000000e+00
2.102014e-06
1.118593e-05
1.164126e-05
0.000000e+00
4.577095e-06
8.020877e-06
0.000000e+00
1.547158e-05
9.187805e-06
0.000000e+00
1.386027e-05
2.081675e-05
1.194261e-06
1.919122e-05
1.077032e-05
1.368843e-05
1.322299e-05
1.212442e-05
2.300400e-05
9.597263e-07
2.617769e-05
2.601655e-05
1.065869e-05
1.626344e-05
4.075984e-05
1.609930e-05
3.464453e-05
2.992731e-05
3.053576e-05
3.681720e-05
4.710153e-05
3.377513e-05
3.734295e-05
3.604033e-05
6.263691e-05
4.446773e-05
6.322101e-05
6.281102e-05
7.258851e-05
8.838175e-05
1.058869e-04
1.258313e-04
1.594154e-04
1.785356e-04
2.252195e-04
2.546844e-04
3.225940e-04
3.923741e-04
4.610068e-04
5.697615e-04
6.861021e-04
8.333890e-04
9.928681e-04
1.105669e-03
1.287319e-03
1.474493e-03
1.736284e-03
1.977444e-03
2.296385e-03
2.631622e-03
3.063611e-03
3.638469e-03
4.102816e-03
4.650095e-03
5.296701e-03
6.003984e-03
6.855176e-03
7.828424e-03
8.975223e-03
1.027642e-02
1.183361e-02
1.353248e-02
1.542386e-02
1.741554e-02
1.974924e-02
2.207413e-02
2.441857e-02
2.688563e-02
2.968077e-02
3.255882e-02
3.532520e-02
3.778191e-02
3.989779e-02
4.186973e-02
4.319862e-02
4.414620e-02
4.437366e-02
4.409746e-02
4.307514e-02
4.147097e-02
3.902090e-02
3.626826e-02
3.282386e-02
2.942902e-02
2.598031e-02
2.271553e-02
1.949451e-02
1.657306e-02
1.392494e-02
1.157597e-02
9.414873e-03
7.493726e-03
5.921879e-03
4.562066e-03
3.500730e-03
2.586862e-03
1.903160e-03
1.363185e-03
9.406178e-04
6.467559e-04
4.126496e-04
2.621527e-04
1.699627e-04
1.144603e-04
8.293462e-05
6.000031e-05
5.179628e-05
4.759602e-05
5.169467e-05
5.350383e-05
4.674347e-05
5.405455e-05
5.128606e-05
4.047196e-05
5.172405e-05
4.154647e-05
5.443422e-05
5.997404e-05
5.904166e-05
4.947628e-05
6.229755e-05
6.007425e-05
6.275562e-05
6.138141e-05
5.595778e-05
4.994391e-05
4.903219e-05
5.460294e-05
6.012086e-05
5.776664e-05
4.946311e-05
5.366132e-05
6.200560e-05
5.408484e-05
5.095475e-05
4.508201e-05
4.909150e-05
4.387376e-05
5.044980e-05
3.988049e-05
4.099524e-05
4.082849e-05
4.189674e-05
3.136669e-05
3.532512e-05
3.341231e-05
3.264591e-05
3.220700e-05
3.074725e-05
2.672733e-05
2.697168e-05
2.763846e-05
2.838554e-05
2.008091e-05
2.355381e-05
2.338063e-05
1.782861e-05
1.530659e-05
1.914728e-05
1.492634e-05
1.230989e-05
1.863119e-05
1.833336e-05
1.530254e-05
1.521416e-05
1.484990e-05
6.529971e-06
1.287904e-05
1.136384e-05
9.663869e-06
8.515448e-06
9.655589e-06
1.053170e-05
1.453632e-05
1.049076e-05
6.478954e-06
9.250682e-06
4.095127e-06
8.732593e-06
2.973678e-06
1.035524e-05
4.647788e-06
1.108892e-05
1.324829e-05
1.434887e-05
1.618461e-05
4.687637e-06
1.775677e-05
1.932998e-05
2.035743e-05
2.414313e-05
2.371561e-05
1.414622e-05
1.213398e-05
8.462966e-06
1.447852e-05
9.921581e-06
1.164608e-05
3.161333e-06
1.248865e-05
1.301604e-05
1.292970e-05
1.543049e-05
2.067859e-05
2.553412e-05
3.869559e-05
3.792213e-05
4.543987e-05
4.476359e-05
4.116523e-05
4.233038e-05
3.846244e-05
2.890138e-05
2.096475e-05
1.912787e-05
8.422487e-06
7.685927e-06
9.712821e-06
9.900325e-06
2.582692e-06
6.837045e-06
9.973452e-06
1.804058e-05
1.230602e-05
1.477264e-05
1.535450e-05
8.935045e-06
1.080575e-05
1.346100e-05
1.781951e-06
2.954862e-06
8.467704e-06
1.170818e-06
6.108617e-06
6.338418e-06
6.946296e-06
7.996087e-06
2.687204e-06
6.931831e-06
2.131290e-06
1.768599e-06
4.803388e-06
7.666648e-06
5.264262e-06
8.599783e-06
8.403767e-06
4.577331e-06
1.747807e-05
2.161434e-06
5.131399e-06
1.284838e-05
4.038890e-06
4.903765e-06
5.320364e-06
3.126794e-06
4.353608e-06
6.814835e-06
4.611992e-06
0.000000e+00
3.597140e-06
3.304156e-06
8.226046e-06
7.250713e-06
1.186462e-06
0.000000e+00
1.087241e-05
7.616101e-06
9.194814e-06
5.358693e-06
5.162853e-06
1.165703e-05
2.007685e-06
4.130633e-06
3.156842e-07
2.726922e-06
2.048471e-06
2.083753e-06
1.199507e-05
3.277297e-07
4.779674e-06
4.401869e-06
8.042605e-06
7.629042e-06
0.000000e+00
1.075071e-05
6.483808e-06
5.310403e-06
1.504428e-05
5.921501e-06
0.000000e+00
5.605290e-06
2.829565e-06
1.098854e-06
1.334537e-05
0.000000e+00
1.342102e-05
8.196595e-06
4.858495e-07
0.000000e+00
3.183834e-06
5.808153e-06
5.916912e-07
6.102845e-06
1.026730e-05
0.000000e+00
0.000000e+00
1.338567e-06
2.351552e-05
1.635672e-05
3.418723e-06
1.031155e-05
0.000000e+00
0.000000e+00
0.000000e+00
9.493581e-06
3.875614e-06
5.205362e-07
2.951641e-06
0.000000e+00
1.950375e-07
0.000000e+00
1.041803e-05
6.678313e-06
0.000000e+00
2.282928e-06
4.261198e-06
3.101144e-07
0.000000e+00
6.084050e-06
2.011313e-05
0.000000e+00
1.112881e-05
1.613908e-05
9.118139e-06
0.000000e+00
0.000000e+00
5.293410e-06
2.240956e-06
0.000000e+00
2.038921e-05
6.791193e-06
2.587350e-05
0.000000e+00
0.000000e+00
0.000000e+00
1.798849e-05
0.000000e+00
1.198547e-05
2.295765e-05
2.838024e-06
0.000000e+00
3.012031e-05
0.000000e+00
0.000000e+00
0.000000e+00
0.000000e+00
2.944711e-05
