0.000000e+00
5.910736e-05
0.000000e+00
7.036041e-06
0.000000e+00
1.805895e-05
0.000000e+00
0.000000e+00
0.000000e+00
1.486394e-06
3.731529e-05
0.000000e+00
9.473436e-06
2.499851e-05
4.619055e-06
1.621545e-05
2.894607e-06
1.337072e-05
6.665284e-06
1.108330e-05
0.000000e+00
5.890576e-06
0.000000e+00
6.479891e-06
0.000000e+00
0.000000e+00
0.000000e+00
4.660629e-06
0.000000e+00
0.000000e+00
0.000000e+00
1.817556e-05
0.000000e+00
0.000000e+00
0.000000e+00
0.000000e+00
2.254342e-05
0.000000e+00
0.000000e+00
0.000000e+00
2.679208e-05
5.156351e-06
1.371607e-05
0.000000e+00
0.000000e+00
7.775032e-06
1.517093e-05
6.328668e-06
0.000000e+00
0.000000e+00
6.528938e-06
0.000000e+00
4.477855e-05
0.000000e+00
1.313743e-05
0.000000e+00
0.000000e+00
1.943902e-05
0.000000e+00
1.092853e-05
3.627196e-05
0.000000e+00
9.805820e-06
1.498130e-08
1.633973e-05
2.776507e-05
1.232459e-05
9.386476e-06
7.145404e-06
9.644037e-06
1.424096e-05
1.667021e-05
3.029142e-05
2.455078e-06
1.902699e-05
4.465426e-06
4.187953e-06
0.000000e+00
9.174510e-06
1.597781e-05
0.000000e+00
8.073638e-06
2.073049e-05
0.000000e+00
1.607480e-05
2.702120e-06
2.092913e-06
1.362543e-05
6.304655e-06
1.529391e-05
1.706152e-05
1.216117e-05
3.915495e-06
2.336502e-06
3.512666e-06
6.680379e-06
0.000000e+00
9.390073e-06
7.740108e-07
4.235929e-06
9.099693e-06
3.304140e-06
1.151732e-05
0.000000e+00
0.000000e+00
2.273869e-06
1.180392e-05
6.925303e-06
1.214857e-05
0.000000e+00
8.623843e-06
7.585838e-06
4.644007e-06
0.000000e+00
3.547402e-06
0.000000e+00
0.000000e+00
5.895180e-06
2.753002e-06
6.950917e-06
4.575962e-06
0.000000e+00
5.426850e-06
5.836236e-06
0.000000e+00
5.146834e-06
3.389357e-07
9.840680e-06
5.106825e-06
1.050055e-05
1.201976e-05
0.000000e+00
0.000000e+00
4.958360e-06
9.398739e-06
9.781371e-06
0.000000e+00
3.550847e-06
1.004792e-05
9.901599e-06
0.000000e+00
2.242308e-06
7.586480e-06
1.242070e-05
9.611991e-06
6.090783e-06
4.601937e-06
7.684264e-06
7.604559e-06
0.000000e+00
1.018135e-05
4.168936e-06
5.080687e-06
8.645234e-06
0.000000e+00
4.687370e-06
0.000000e+00
5.547923e-06
7.853837e-06
6.537609e-06
4.823329e-06
1.468217e-06
9.794858e-06
0.000000e+00
7.087921e-06
2.360512e-06
4.086987e-06
1.414726e-05
5.179817e-06
3.802269e-06
1.283746e-05
9.018094e-06
8.017649e-06
0.000000e+00
1.891693e-05
1.359265e-05
6.849047e-06
0.000000e+00
6.530278e-06
8.126494e-06
7.156451e-06
7.065209e-06
5.608646e-06
3.812656e-06
6.065504e-06
3.921291e-06
5.148038e-06
9.956965e-06
1.136367e-05
1.365931e-05
1.062841e-05
1.603011e-05
1.032328e-05
1.959855e-05
3.870248e-06
1.801786e-05
1.404235e-05
1.393392e-05
1.045615e-05
1.163589e-05
2.138749e-05
2.681520e-05
2.438012e-05
2.332542e-05
2.610796e-05
3.214688e-05
3.296872e-05
3.526627e-05
5.018722e-05
3.987228e-05
4.963685e-05
6.170195e-05
8.152329e-05
9.245337e-05
1.263641e-04
1.520444e-04
2.083219e-04
2.735240e-04
3.416287e-04
4.644468e-04
6.030206e-04
7.627925e-04
9.635274e-04
1.207277e-03
1.501808e-03
1.843296e-03
2.282310e-03
2.801253e-03
3.385948e-03
4.102330e-03
4.931936e-03
5.941310e-03
7.018601e-03
8.200124e-03
9.497240e-03
1.083956e-02
1.229368e-02
1.387969e-02
1.563999e-02
1.749358e-02
1.951684e-02
2.177026e-02
2.438243e-02
2.714271e-02
3.023808e-02
3.342132e-02
3.689593e-02
4.031867e-02
4.407804e-02
4.719310e-02
5.014573e-02
5.238506e-02
5.361043e-02
5.332855e-02
5.103465e-02
4.730341e-02
4.248019e-02
3.696039e-02
3.120869e-02
2.561107e-02
2.062631e-02
1.659316e-02
1.324901e-02
1.060825e-02
8.474014e-03
6.770095e-03
5.383323e-03
4.284772e-03
3.427601e-03
2.735527e-03
2.160609e-03
1.704313e-03
1.326417e-03
1.007579e-03
7.802172e-04
5.774039e-04
4.388820e-04
3.147246e-04
2.453660e-04
1.817389e-04
1.392880e-04
1.047529e-04
7.265950e-05
5.307556e-05
4.033608e-05
1.654098e-05
4.927523e-06
0.000000e+00
4.875244e-06
5.041686e-06
3.519428e-06
0.000000e+00
0.000000e+00
6.807066e-06
9.025745e-06
7.995814e-06
2.441908e-06
8.284391e-06
6.011654e-06
1.118833e-05
0.000000e+00
0.000000e+00
1.558049e-06
0.000000e+00
7.292980e-06
6.718343e-06
0.000000e+00
6.398443e-06
1.059263e-05
7.013563e-07
2.926479e-06
1.683596e-05
9.826817e-06
4.933452e-06
4.654821e-06
1.598513e-06
0.000000e+00
6.526806e-06
4.558374e-06
2.927169e-06
0.000000e+00
1.615747e-05
3.752195e-06
7.817357e-06
1.355807e-05
0.000000e+00
4.731132e-07
0.000000e+00
0.000000e+00
8.322039e-06
0.000000e+00
0.000000e+00
0.000000e+00
0.000000e+00
2.078149e-05
0.000000e+00
0.000000e+00
9.229096e-06
0.000000e+00
7.644339e-06
0.000000e+00
1.798410e-06
0.000000e+00
1.035540e-05
1.646689e-05
0.000000e+00
8.653959e-06
0.000000e+00
0.000000e+00
7.772086e-06
1.702021e-05
4.976977e-06
7.025268e-06
0.000000e+00
3.114016e-05
1.941969e-05
6.665223e-06
0.000000e+00
0.000000e+00
0.000000e+00
1.116423e-05
0.000000e+00
1.981619e-05
2.089442e-05
0.000000e+00
0.000000e+00
0.000000e+00
2.315569e-05
0.000000e+00
9.940917e-09
3.922477e-07
0.000000e+00
0.000000e+00
0.000000e+00
0.000000e+00
3.413443e-06
0.000000e+00
0.000000e+00
0.000000e+00
0.000000e+00
0.000000e+00
0.000000e+00
0.000000e+00
0.000000e+00
0.000000e+00
2.068351e-05
0.000000e+00
4.548547e-05
1.183089e-05
3.066378e-05
2.592607e-05
1.362079e-05
6.002980e-06
0.000000e+00
4.101357e-05
0.000000e+00
2.859506e-05
5.572210e-05
5.119949e-05
3.534898e-05
0.000000e+00
