3.80000000e+02
3.81000000e+02
3.82000000e+02
3.83000000e+02
3.84000000e+02
3.85000000e+02
3.86000000e+02
3.87000000e+02
3.88000000e+02
3.89000000e+02
3.90000000e+02
3.91000000e+02
3.92000000e+02
3.93000000e+02
3.94000000e+02
3.95000000e+02
3.96000000e+02
3.97000000e+02
3.98000000e+02
3.99000000e+02
4.00000000e+02
4.01000000e+02
4.02000000e+02
4.03000000e+02
4.04000000e+02
4.05000000e+02
4.06000000e+02
4.07000000e+02
4.08000000e+02
4.09000000e+02
4.10000000e+02
4.11000000e+02
4.12000000e+02
4.13000000e+02
4.14000000e+02
4.15000000e+02
4.16000000e+02
4.17000000e+02
4.18000000e+02
4.19000000e+02
4.20000000e+02
4.21000000e+02
4.22000000e+02
4.23000000e+02
4.24000000e+02
4.25000000e+02
4.26000000e+02
4.27000000e+02
4.28000000e+02
4.29000000e+02
4.30000000e+02
4.31000000e+02
4.32000000e+02
4.33000000e+02
4.34000000e+02
4.35000000e+02
4.36000000e+02
4.37000000e+02
4.38000000e+02
4.39000000e+02
4.40000000e+02
4.41000000e+02
4.42000000e+02
4.43000000e+02
4.44000000e+02
4.45000000e+02
4.46000000e+02
4.47000000e+02
4.48000000e+02
4.49000000e+02
4.50000000e+02
4.51000000e+02
4.52000000e+02
4.53000000e+02
4.54000000e+02
4.55000000e+02
4.56000000e+02
4.57000000e+02
4.58000000e+02
4.59000000e+02
4.60000000e+02
4.61000000e+02
4.62000000e+02
4.63000000e+02
4.64000000e+02
4.65000000e+02
4.66000000e+02
4.67000000e+02
4.68000000e+02
4.69000000e+02
4.70000000e+02
4.71000000e+02
4.72000000e+02
4.73000000e+02
4.74000000e+02
4.75000000e+02
4.76000000e+02
4.77000000e+02
4.78000000e+02
4.79000000e+02
4.80000000e+02
4.81000000e+02
4.82000000e+02
4.83000000e+02
4.84000000e+02
4.85000000e+02
4.86000000e+02
4.87000000e+02
4.88000000e+02
4.89000000e+02
4.90000000e+02
4.91000000e+02
4.92000000e+02
4.93000000e+02
4.94000000e+02
4.95000000e+02
4.96000000e+02
4.97000000e+02
4.98000000e+02
4.99000000e+02
5.00000000e+02
5.01000000e+02
5.02000000e+02
5.03000000e+02
5.04000000e+02
5.05000000e+02
5.06000000e+02
5.07000000e+02
5.08000000e+02
5.09000000e+02
5.10000000e+02
5.11000000e+02
5.12000000e+02
5.13000000e+02
5.14000000e+02
5.15000000e+02
5.16000000e+02
5.17000000e+02
5.18000000e+02
5.19000000e+02
5.20000000e+02
5.21000000e+02
5.22000000e+02
5.23000000e+02
5.24000000e+02
5.25000000e+02
5.26000000e+02
5.27000000e+02
5.28000000e+02
5.29000000e+02
5.30000000e+02
5.31000000e+02
5.32000000e+02
5.33000000e+02
5.34000000e+02
5.35000000e+02
5.36000000e+02
5.37000000e+02
5.38000000e+02
5.39000000e+02
5.40000000e+02
5.41000000e+02
5.42000000e+02
5.43000000e+02
5.44000000e+02
5.45000000e+02
5.46000000e+02
5.47000000e+02
5.48000000e+02
5.49000000e+02
5.50000000e+02
5.51000000e+02
5.52000000e+02
5.53000000e+02
5.54000000e+02
5.55000000e+02
5.56000000e+02
5.57000000e+02
5.58000000e+02
5.59000000e+02
5.60000000e+02
5.61000000e+02
5.62000000e+02
5.63000000e+02
5.64000000e+02
5.65000000e+02
5.66000000e+02
5.67000000e+02
5.68000000e+02
5.69000000e+02
5.70000000e+02
5.71000000e+02
5.72000000e+02
5.73000000e+02
5.74000000e+02
5.75000000e+02
5.76000000e+02
5.77000000e+02
5.78000000e+02
5.79000000e+02
5.80000000e+02
5.81000000e+02
5.82000000e+02
5.83000000e+02
5.84000000e+02
5.85000000e+02
5.86000000e+02
5.87000000e+02
5.88000000e+02
5.89000000e+02
5.90000000e+02
5.91000000e+02
5.92000000e+02
5.93000000e+02
5.94000000e+02
5.95000000e+02
5.96000000e+02
5.97000000e+02
5.98000000e+02
5.99000000e+02
6.00000000e+02
6.01000000e+02
6.02000000e+02
6.03000000e+02
6.04000000e+02
6.05000000e+02
6.06000000e+02
6.07000000e+02
6.08000000e+02
6.09000000e+02
6.10000000e+02
6.11000000e+02
6.12000000e+02
6.13000000e+02
6.14000000e+02
6.15000000e+02
6.16000000e+02
6.17000000e+02
6.18000000e+02
6.19000000e+02
6.20000000e+02
6.21000000e+02
6.22000000e+02
6.23000000e+02
6.24000000e+02
6.25000000e+02
6.26000000e+02
6.27000000e+02
6.28000000e+02
6.29000000e+02
6.30000000e+02
6.31000000e+02
6.32000000e+02
6.33000000e+02
6.34000000e+02
6.35000000e+02
6.36000000e+02
6.37000000e+02
6.38000000e+02
6.39000000e+02
6.40000000e+02
6.41000000e+02
6.42000000e+02
6.43000000e+02
6.44000000e+02
6.45000000e+02
6.46000000e+02
6.47000000e+02
6.48000000e+02
6.49000000e+02
6.50000000e+02
6.51000000e+02
6.52000000e+02
6.53000000e+02
6.54000000e+02
6.55000000e+02
6.56000000e+02
6.57000000e+02
6.58000000e+02
6.59000000e+02
6.60000000e+02
6.61000000e+02
6.62000000e+02
6.63000000e+02
6.64000000e+02
6.65000000e+02
6.66000000e+02
6.67000000e+02
6.68000000e+02
6.69000000e+02
6.70000000e+02
6.71000000e+02
6.72000000e+02
6.73000000e+02
6.74000000e+02
6.75000000e+02
6.76000000e+02
6.77000000e+02
6.78000000e+02
6.79000000e+02
6.80000000e+02
6.81000000e+02
6.82000000e+02
6.83000000e+02
6.84000000e+02
6.85000000e+02
6.86000000e+02
6.87000000e+02
6.88000000e+02
6.89000000e+02
6.90000000e+02
6.91000000e+02
6.92000000e+02
6.93000000e+02
6.94000000e+02
6.95000000e+02
6.96000000e+02
6.97000000e+02
6.98000000e+02
6.99000000e+02
7.00000000e+02
7.01000000e+02
7.02000000e+02
7.03000000e+02
7.04000000e+02
7.05000000e+02
7.06000000e+02
7.07000000e+02
7.08000000e+02
7.09000000e+02
7.10000000e+02
7.11000000e+02
7.12000000e+02
7.13000000e+02
7.14000000e+02
7.15000000e+02
7.16000000e+02
7.17000000e+02
7.18000000e+02
7.19000000e+02
7.20000000e+02
7.21000000e+02
7.22000000e+02
7.23000000e+02
7.24000000e+02
7.25000000e+02
7.26000000e+02
7.27000000e+02
7.28000000e+02
7.29000000e+02
7.30000000e+02
7.31000000e+02
7.32000000e+02
7.33000000e+02
7.34000000e+02
7.35000000e+02
7.36000000e+02
7.37000000e+02
7.38000000e+02
7.39000000e+02
7.40000000e+02
7.41000000e+02
7.42000000e+02
7.43000000e+02
7.44000000e+02
7.45000000e+02
7.46000000e+02
7.47000000e+02
7.48000000e+02
7.49000000e+02
7.50000000e+02
7.51000000e+02
7.52000000e+02
7.53000000e+02
7.54000000e+02
7.55000000e+02
7.56000000e+02
7.57000000e+02
7.58000000e+02
7.59000000e+02
7.60000000e+02
7.61000000e+02
7.62000000e+02
7.63000000e+02
7.64000000e+02
7.65000000e+02
7.66000000e+02
7.67000000e+02
7.68000000e+02
7.69000000e+02
7.70000000e+02
7.71000000e+02
7.72000000e+02
7.73000000e+02
7.74000000e+02
7.75000000e+02
7.76000000e+02
7.77000000e+02
7.78000000e+02
7.79000000e+02
7.80000000e+02
